6332460756908473679466153965620555911088690668947084691217991969, 59566
7754643203976101673491777419783650246886175795155414784547425903, 45286
5446872854097056385575193022219063662959571596147914445748191097, 47609
0761233727201322876180339665919106341813756098377105139017830740, 47543
9393911414453025666157594083342293595858513817574119061781015245, 66778
0800305968079246890997854911175158288994093948747756632243682117, 57478
1935829187667111247729618547122235817735614325471145126180114349, 71958
1669895975044057491034187089010486587286802217159264872792724964, 64541
2490592871659658464478974418183443614023108264310770889421561808, 71235
5272053086642291950667886538611131556156910251556735743397170405, 65964
4234855119883114504306893949108521226739627150703463044558468221, 47162
5295476593123105459051915295841660109871383623360567670210924102, 57205
7634942499779192387516762503924909303565652684032805681833347938, 59679
6148655343270281098046503380450086141807426447546550423751016046, 72042
2040713427448514089253085513449643614179825898518433953524060944, 58210
0128377153411115558386836379071205033860321634219240143772899229, 56209
4638057248534356414202203567059644462498461898639179311978695571, 62361
0518482800530695836564634502592765635015291250966512275646897073, 56543
8885166497262687357679685020273051879638354734562259339052089306, 59775
2099470033162185367460825575470692549762070581227085069737476465, 45956
3774310055540405157982411408551841272407271211848536909169116222, 62379
5851818569148650986782548012355050153119224201292990165168595093, 65081
3237566902778379653338263247644997845555933882947591327964820549, 64523
2079535382670626186505230253619818981421988943873444187232713816, 66457
3395538754896747278020176485361822376163842437366180317976432516, 67929
1883330315708376181740067563407686939962762792510604822678110190, 70471
1324504795160479834582238471714168530119948185090648981739122750, 45711
0779801733528683945611883768581770762036508568872335434800870158, 55026
4460478955614896237378348706177735883690353835678335261253062746, 47553
1676502362175156208427381907099158728156493128771535465865764671, 52042
3659158533769824542529541999016581518382668760415689645954155735, 78960
9611700283281493092177673763339212583823163532833260928294839770, 55483
4544156105873778724841627076097663170993672041823329602321130897, 60194
7662741804365755437431265446789647811011677143808541999454124298, 59100
3205837805590986276492392995401741227209981971818679008599231325, 46230
9910791495179514536488175685847830821291728979345293222880586261, 47403
4376167943451530302679099590419967793697952217269637756735978886, 69608
6923862861106210491211482068862454730239551294443566824032138585, 71389
1983485765021118668846448089589889147614316730596492258076945025, 70701
0674412359513659359184867611428605258583456912867075483144509361, 48545
7996550561214718412622349208836545413461514105946201455387480046, 56176
9852866607281222055160395536782687065628566810116854883636416695, 62481
8610336009790434253997139634342205249061940183628149874967392814, 62796
3305732841119560290487200633792044649823145111132303025210582986, 67472
8957737343197442771633288136985890595549851505995258798702492191, 67612
1325641243011318326725778083985339893127641874808670379197497221, 65820
3804626127839999358936583461343946508322125035260085635101337644, 48553
7754197818936499834612354401860755264965951590696059304976252238, 49472
1285138502194185054819718326490548173123344072790173274229068044, 48574
3247393980117314708253558603320675326834958889272097544305959928, 58681
4701342734936358454887474887216797043237830565301711750159000771, 57566
6374439380946300969750884118340200663791797347556431719342109421, 59007
5017286510524121366694445252767280931782856268514385949565953981, 58890
7649322398873960693610925670946822855296193482661944949606712504, 59899
4504105417579213555847579116832595907468135358633217984097681150, 50283
8511908255247517755807335545411362482209935807794287932796237586, 47568
2473414486031835925391640089253610051412225320824553747965882243, 61551
4095153879765888804331393842300730447744812400202858987583716889, 47560
9338483382497075794745558383466311459787926626227811379307655506, 67504
0436158476767162678426066485019273898837433442821785512152673790, 61622
2691394873944464384465769740767939288676980346786443111005272987, 46106
1057290576584140504048321662010327069028897301352788813999392626, 78574
8211104917176179600378145444639472782405114922014162978622107276, 81531
5760084761952925568354704475093760890266653065631688059498917296, 68641
2658103069115613566625162648681878889207138819176838556711591978, 76694
4113838579083445104531355005641054647417337674314060195627401536, 68483
3717780310970246257770463781323816584528737751576375532900254836, 73872
8451630778815520844681064804328193579548539103109568686376901742, 68094
9941854140000829503477836462810924230946146151301669544480883898, 76367
5254255904777963498841288013267705420142511237876663981705323004, 66407
6853746976064567505641735109472259753342949627377054227757806243, 65570
3762212820503995411166793866117486839131382683145271942259962632, 68137
3472335077204237679365897944495842297997627360029177657563203709, 65318
7620518985216532413631814337011904177966507351594087268611515637, 57653
0724413449229527884472360484298392953298432396294832070138550601, 94071
6889084115319624216808979300591172000611265357978558667799769078, 58397
3619605644755513160511454158164627588074669123651602757182190763, 70273
8075161210697654209778463270073092501652813771321319357606605105, 68297
3695463078322879433906038683118498056376438815778160783753066135, 63852
2894990624663655049363184755091572192376832127744800118585015364, 60314
7433309717145195746709365573272935497369103812398981817664904227, 61080
4047768716504961180249531795638044910803653249669884857126682616, 58978
1654451378394167727749049046983248616763792231123819035132940386, 51378
8560401216209401505540136115731597759891611583633309313156622993, 48568
7799810523008709959989475096668649541723024016212122080701470454, 45664
1315305725318428441533797322571724255929463425299543832866024318, 59099
9602121711079895890013618085783965387470578689369382874774464951, 67379
2453764373406323912860802417775943411868131965359735735099978782, 56021
3804329429667290612933030825500100534689565585578981206490942272, 70486
9059108681369033712487822170950857898678904027321761465972967155, 44907
7203314772330288959573648178554274725324657875882740226164111561, 60054
2234657335764330386122616910919452820753329773903636829630834799, 57012
4790569147946405460842942270176565611555249012558842059496606252, 68077
5166806475380487111143523871327843623462011289093319981261313397, 57038
1295541767853184125526935687666717482878555084498240844524282183, 103622
3911755195131358890983415562420933011842566611491601154600964150, 71090
4706186473937991612552017742696268909568961870133591814799978807, 64235
0644389906817211671468797542733799349460241984341608409275649130, 64309
0301393142886075591441893379736767008334734452923267666906879578, 54880
5786373325332540715740262508440940577029553907991575513073830034, 56421
5730560194402473889817382119510084330562922471751654394705976994, 61690
