4788309549512939244894791107044515565419373868702391881993897361829581628906799950338449930987281159211213105220, 70757
6096472512985501806810493237107706463826214796176770919455165857614916739338947634845792200916779191984829915698, 45159
0853943457876232577199226480559534840116115738107918842680737803309310122717558549345603898888130062386550225291, 54435
8095044526809969058596346701550379875239111217132201837609756704881326250373016436839711988578958382928957278013, 51541
8883677940803200191237607005001119499195375695936270932752465776635744282863576294419605043510393999519918595137, 40806
8616138317458685471628186805374235841772619698235599420212769382998287461530374125288201407538747567523688615040, 40436
9608726114418170334795546215584565569173624653909388054675155722478697979557947097894554289861228289976152046746, 108320
6497850557812966551593027581511372067332036432089331853613985014532266781324744970085548858579025453242476061550, 39215
6376687055602007161021390634304933512517209421447741890074706122695869891953199075274403076908367074975060672581, 37468
9359989594576238836152107618482517428379736572367194304076034307240299384232480309739268061411367506546969320350, 39186
6699772145199844873758892976720399468894424300718283184593165314572361004636637658966538866608257503803469332097, 40821
9032877652679618556614392065653756055912180263018609351769524811736227757773007089214312266868931584451249761669, 42156
7494777042567942865545098361201052642476844738014780282040380707972131915390111809029255204574273606708439472752, 40964
9795797033855092441532943855023193884787182693859222419926748067567247956437742966128232906734781407222065751147, 45308
7973184374957732568157223899380097538065472356622639572851991911976992650987761126393578869081390989164372249383, 48023
8359624702773208944819408309206033926596965315301702852804924649931781579020763853260640044428433511861895081579, 50405
1196260972116781196897973960934245891889210810920721538037042667148346460661875858123248962120034880748906096593, 49397
6641332453173656070783376167477251384752161429156344994702461186546111540714849494083476822933507428575766240189, 47271
4989112282584231618441223136090401522060211654915070192627349511683981114299992499621185030993171680001440431800, 33594
4928362264671996449048611567141654482829488697241347129487191356917191260021965391234172811149050982018230458987, 35828
9745057327421038891738018891799695210162006202203376399179340431972909301244474724585595441684893085146562901596, 46178
1465776279259394730549481523215352041778815845228392452707028675000377378855309438893386010070590549476554014979, 34558
2809697115396819264442335164430932822755205198034670025841207490704170600331134713928422644506776285277400645237, 53614
8219154216756517164370878454651694529161936509448895174111808967521457751623599379106720900916760826603965436474, 59439
1769626569584242812889815761819288350926077501902102193660973111948150868730820242451030059362678583581556559775, 41720
7110099058252327848831514994091902923939976300086091442852471573988573680210441040184571738015604473734955919214, 58742
0164288538874183989858182443070206627492589910408405425969488409393033283194146106668454394245394699130461007617, 51835
2836592546852203557986256695314717479845453873330140966625178679538615280567020234242806544523598589027076098033, 49676
7159295064030363595599073991693528458156679828189858958447526178935953532735563448555301273080085690155348894350, 49834
6744590575065064829232490636256920592559255972356599760026841453705970897684041693889083699935527017026907503882, 50734
9481660326532552134859864962133081369512185632847342441137562882910964102866262919383499145644857944374572318820, 56012
8341710749150679736043351757211367449635540507773387832029972009763826373345333673558972081281189661520857300869, 53410
2698426358044181545362256422710192166892818446590359574348539849265866269204975100080534317513651137983805413035, 55725
7571922828059157545692016422851721813018835070926596799653048112223846850357549310919075571584736211996943899721, 44409
5860598436013234935027408796545241313178079312908400373264018654905222321272773715972218911979479111445793062553, 36731
8599929822909457426030219248881630844758941806868673816753531827003798594895491550034921277579481870841333092340, 55241
4301926208005814065849096683801451643485285988496191010790082329404954695193954665967158156601561158630361866342, 57626
8991446589430100512999947024728838974744618840091292488101705688698274655460669710950063145823684623181857813014, 39531
4893918473579490010328111904854244555595844805817061095285862306951430117817310247646187873004991256598271123277, 35128
4445974449658858088548674349436070589923010896914760529974037656607521144136927614668878473359911883018633247008, 40057
7031100549255580280452873117087780923197024792723888275508506207519828742222616914043713666296167241315557941552, 47647
4247125116447615093737677867789334068589226109638221900886877702328186121933818831951152959852084104936221605480, 38706
4530170838322958801351057533378741970264096483383410835790229013221447866616966428403092026029562618315188974646, 36248
6768667091048667583781892722385174940841955932680180581955186613017314431044415645893089719383706637200325068744, 33791
8235876385155680730377506489526350159987614172378327279817799446651551435852281243162056945989767114477972203349, 41863
7633845966207660820500265092101884180778390256239409645157369667277264015032777618584219957033961607039734922703, 45042
1490219115268813888739446519079330653777293197675461605278195231496063714224983740802350389014175072363897487953, 32762
1725838695680887002045962690547631414293773961783198604883030793957378776264452763543241544726131061850486044310, 54435
2160129456114331851159792863140568590437268713818133102508935183952117945936330143575937041751067478364867690607, 50011
4065306341338109947069487130219725477221357387304200160173117081840573700669599931257266897798872839122208359252, 42991
7556382130525996405905305267499164724137302093654276906742483390984307239440006445045832170602812262188054156911, 41327
5728989927332271077819434135200905893716449868988969822258098298770361107205004092077414414365354380492112942341, 47578
2890554000552100186699373434461743918411496806814495545890436822143186245028821561045726792376700018964488270429, 44205
5322877316331777319965167005386030218241877976909027853555305918930956346255867871556103854447462658304121618315, 49247
9560502223325814054137678581420308450894427120535969948906041201066245700612665384498488385417533367050011590228, 52149
6408156299019001925648412963994636663514435535947403447843152737325696350835620580127803148514478957684877351309, 49519
2585672203106010556229219295109357046368898411466380234173705861567493272343401331366794384860149888328554024150, 53489
3927696089711362836106668493657260949749831969265075863802189108114289364681609127835217655866699238166854136041, 48205
4009274868241277885926163189377887924501547666344158984215352052765117462140977502393014541766232775433877967627, 51486
4542854707969100541842536262684258534136123053029303778324604029995538342667180012410242902336326099825211129132, 52859
9964904763533890440251397034746652073641914424460688737652326983280767850294850910903679803612132429106358835847, 41668
6840620398790155480231489333131727989930839046687820068914427709590613796610590283481395767657609870161842092312, 41923
2452645493403276126495417417814271638207548085619450211952855382448260034054715681602790285733270008024629093751, 45928
6411581137376073251831979287058809979005032869105490509737654444633565089387209968149014999435091479977025977984, 43479
6801611741497148657643191651015617970076215941907793002467581254162379212926118007337574544881298645768960793694, 54066
4431286748758857825955171454785341489375351258931646155591179625773923458773686750586037346239928530805875135920, 42147
3875320234656883566604060795772252704937414093661422820091798914196789742152630873275277346139778449515850215292, 42266
0355854319181402282715584004400655132585626766104588256788120386821390862650292940778546470400202452640805054249, 50608
3300469656164525360483311227335665912899618080637697121373226795388787640470733412347496928897347317202369534197, 41201
3172623984478874485625825036675102487977326323764248943566343865223911965599987521327694448726460861179620538283, 42990
2885933839761268626581398575191389174480656704768537966746255503713163128018416380278064609462733261585609460310, 58194
4142690651987996024571688624455080251438739428352901080042500200247681464328475665885010260403537298554118056514, 40272
3003072260300696063507655298195598015444576755462732610269070721743397946534072467739977094069343694580454851008, 41853
2839050708971630320880802081403807904984993179303411613923283564476064476883724085346650978454013721189967351779, 41717
3676807234034798070733774187489969579595128699696882159589447656533484116196087968185054900986539879412124932828, 39100
9657091408759784786738505743574462363413481689259042015589858314741004574632770876170628706557024346703188685862, 47017
3899984638680251802737529571847248156812670828908372246405581325340044201483296345570310860013759073495753384918, 47890
7317693906331019032129793512904648409910743874979213385666057523365257221728148081619177783635983520252526660668, 49028
2366929448939993419811835558138366968024837928381282375042156984790614007012842281440044270060540721243145551872, 37165
3604383716166867579797357088659939589162999585252141178899656679729955147007522066376275341920012908722444129327, 48210
8572978397114830441831544493306375763894525211457840916478918766242524296737085789972630443219045317937532530030, 49986
7680858509940738846513121277070968065815801094081654967304004200208709302411939006692345855495627498340713907027, 36805
2853460495034387188996537823636041387429152702413202168840125729879834779149590832340336368842842727114229300503, 43417
1335276101368853874331655245958083520330469376853498673319905915380523882739344685464008918601252416794960014774, 36631
8856876752289993334643517027984872679466686576021507869763682161348487355925739900608786144372626495322916699701, 37192
2107861159837880424165093920645878654792875776938546166650926423481970379876669525352919903776136226473382149213, 50112
3004097592351368123955396526740260661632077123038543074936723849016291690412938782210625397693704543725766081871, 49406
7988562128988904524246745155009799545879889699244678564272892761647424522581637016063592972160424388940311474385, 47870
5609000588625804233426246664889349469619773263686230876655033189125216283521180925004669382622736257097659760752, 46215
1185913397258601464760515808188398090441366146214681852632452402303549877701524003190554911151381858747618882483, 37554
8868085976340379212204185003247125146853587735868088718229543477082677148833519630401325402969660049075888331394, 55563
5191449117815006186930620840066676922854835566376989251237453133937132715391121749866101967270583229490249574648, 53726
0266486384753972533161221775005053993542929236601017132421934759048624816961621745770123438803930792495083448542, 53142
6260019501908327810437069925017635838718100954737993899701404287773864876973567376658550891231138415092801269196, 52707
0497108335713106701567369138933182815660133675566612348474469979470959182451927789035073431431378684592959143821, 37035
9446497015546317963051350073625881450152936767455751018115409100367382797363208806107930600710969629198854296276, 54289
6571922156047040517799371432605372667802628352605377314470630480668558933898258888511178163402480245351830665665, 53645
7786364326349337793451993630579568326970507450320997088561531787521319371039173162080858922090044396435858767095, 50937
3530127746685058354692868781375650883679238935092472758748986663751238173177778935322326236093380403440759648662, 54460
3398923835111567556385597195009338241746268536481149810650152287121425043027667793885140175505238570096428387086, 61682
7584292027331052859432825394804682023438461586981127301040742102525198936007805938880996161493666377160882762285, 41889
