5967195493334443098494290244108817826585811277896647287303933824, 72965
9329111406972573988033288798597459561721530718028151672441402267, 44436
7311309634542546324629505308749673833996561817661054106837631810, 69520
7578841870563233174300477315617387161459507031668211450111672601, 46624
0054597572378917554134981405524741491148495299946679068100874579, 50589
9002290915028162575846643049121143583574298004574080644140274308, 52081
8182422372678648771299212380761799134361728712800921062310388657, 45282
5269136529570431366510043101291719654206356519656429535066387660, 45588
5157894258180338198760179925341158850275203269278166393498942259, 45909
0080157097218968778387307109675875900601522518617446376308275773, 47221
8703159715606546213466758225084886493384957721662900705727248856, 48342
2254720324432427228581072962616951325567020284936986313509971566, 68849
5545986532922326809298498089440926614589771125806945916714780992, 75120
1211866756589614964804150863331452550128978851467969577783318475, 78260
8262181981831707778714856271233389790900203383171144640477613963, 66072
9739717540917962290610405812333416480364557266405686728431685926, 66888
4521607111893242133509710876081635797428609143379649510720548603, 66934
7172325514368970884684122390337364508150706695803284696127380038, 65360
4987889450290777726499198862474884883938950957929798900718277676, 76231
1918604690092640774369210537008109182541540027016742675749641663, 67322
6078284928012183844573534902548375116500522762248695141651005954, 70295
6755605651899151401859104563224991682147248485745923035484836427, 77710
0321659813278726784907532762157101567640180174773163048516723763, 68080
3721965195926700007990865384730222330041564454676365651380855090, 66095
3582741282885906182690811162798349725163353063774165348575764810, 69157
9198307208074229511775721740053172124857874298460559233407423052, 74485
5739351086248725820496935303090863718026662664347418022754075351, 58464
8809158301151825881138392983589360407557665947427640699090368217, 73524
1118986639633054152647953718083127135899954381916103098689480022, 72624
3857114467906373977790631938844331142708410249759628894987082647, 65895
2055666319910904802211832033509904672303214426126357431856326219, 68780
6924744612321343915234919636415037421192527673194739123216857552, 91772
9335101155499414648968935048196129851087736699263252355871880514, 54952
7627468505448268370250319796666541209379816632772917960039897773, 55434
0513879652461236237322827489517769058933379515358002497137088056, 51506
9071829154213535921557929937215134446352075348833118101016740473, 74256
6393046526439370296273245301796327944598331579590347883314683537, 74566
0949264838789573960711506700467651500205073122431704867457515471, 63526
1731993137952485946562813451869964253588203444938884067324621519, 65437
5689612936385229850827035339038599752947705347422536431194117196, 55357
0149538663428335891677641995605820775552016959658015792091572366, 53897
8045967999735662109423918023398194900600573352572534028842301332, 60043
9517499161800881826865804529193047096902004282686462064418348974, 53545
4944594212421994139791203004234629078412884995538509840142565047, 52906
3405400433843798205371542176258518388321925207349876932461298041, 55799
3082367631818886691460550949946446875668949829688937902117011877, 56012
6914489986510270774533842109572193633523307446645098692023172391, 62129
7249103706522183358538264175071915937229093211847622468978687978, 50060
8577196385521278988856564793721791702531083313121138784284778147, 53386
4749529844750530891276458265421895767664359302404751318136679970, 51870
2241326846644107176486507437850076339915779101041789551416191399, 62928
8816608407400894726357419610607698370120060061653310251115397086, 62589
8634486800236644897510835358793888426139352916527379382039821409, 59681
7508910655159417420515659920521471274459184048880053510512764804, 47271
5833896386707498979031345191326022331261863702521425869390744346, 51478
4555460681971674298682214261550927463443740920549420853599645637, 66277
0883654053218018434922336522487467944550993796730122475259697556, 50806
3812539876264992344979046340684965330517156845299608715469627046, 61260
6123649610676908395567726386525337612675864655514263937695269792, 65461
7242018390429025421368420666496132544395339541203632404560301135, 64832
8571730621216349161029295856669736812174417161079192033710308472, 65901
6690821667855966671275839502302983166244129625483522228470600010, 65935
9270618903721514735402689249737854837629292565241701162388471176, 52138
7372173034516285080330726325065915322626209948458683765517116827, 60348
5392389840620899925976079806285934365341533533527234831031881377, 54705
2487597787733047425070589993001441112083966482325854104213615971, 48130
8761377542432905391244094464270267596262405905457671091449186134, 54486
1200024104718311400065410348106527529151722575927943685931751504, 45663
5835732607232152016429966326619314887369095300533375384926789811, 65392
0179307328326666031092317862186124276118042638532653884780021653, 58283
5634774290665766591700149572845500907628806394943115352409705266, 61078
4504579326564221420148430320897440107259908342686801664898097062, 67573
2762386964711714843498790067388567915603297388973334105431362430, 56536
2609481244485139049383741509577960008242692427321272766127076862, 62527
6706189187442333306617748973544316026154810273606497162151516147, 62940
3649838575612929690855574984531898903750243535415792461051415516, 61496
1125892274893448471004560652609733535952363607665995363620812986, 53809
9266299802141669179758729567952970790682118275282380374230147535, 61537
0164287375969889620378719857203222862519005106078127108185806348, 68348
3120198916105775201869132326923355576380912489130538441876670926, 47176
9111519092385251052749540639922965036138396013138505451716618024, 75196
2038146369020231675437869465308521367196298421501246942180832687, 48159
4982376928279167394415468669751341698292210346177720267223110456, 58929
8477237340718944552891960824668408141177178165540029127421087149, 55737
8201754358557277939217104733304336423879824771567408210805138573, 52227
7170374969137417122211351821493221478866779742457678034318477099, 50353
0464755077664229855602832764887843428225904528523016491868466263, 54600
6620427159462803193143900210309962126063129330741257769780732721, 46170
0749744188846364022256004505000294470809905533165403203655275497, 50810
0259686846134252607850065293194131219093618154536211239058360995, 54306
3761490066924734722275071300796062324340044437021559256696885403, 62671
1270325561660986490951145726197245479926204392943230344118958794, 55765
6831501907604295567060873973749334604716699128875573570089376529, 62696
2798496760976311727844374923930102171867056808992976314926211343, 79969
7048079668046493506735936650061765764842956798068833356111137435, 65050
5950098923489540743699363984759447446531099165230791640238633778, 60507
5747901413297315063256967366686170861224564417225562459195755364, 75889
6273726216560542692564127130861489761504370454816094629644820080, 72367
4298738073053360577606881654958309472292617143313083881948554384, 77745
6774205389723400100054689947371960300031123475705703181275904212, 69810
4483662398077115316603792522723361647888888519240830309573976202, 71041
