1785019829306726174955302093232302024908958730569075715037550703, 89375
7904036459311756069023437447687379994669792860786880143810878717, 61001
2553337726978470561940285599304871314089986745913117358009159736, 58342
3198074423290396579435407493958287304748299341198051724463950700, 49893
8598899410456954384814922846812682763814871667015598180584367635, 58984
9095565413554175564913435317192094772213760197673384629383012523, 59795
5623132419475614619338374807014797002544403166749683732113846518, 64751
9735006973118432360244577803998973675282795538085039687379889696, 63058
2093941222034091965101182084814145630752975395703225434664048774, 60099
4815252970863573400186432220105507224423701258511841405839849310, 69553
3514672344402238776527663969744016773939599724691245103419695296, 55620
9256681551483432348246833552001948507872022367791535330986306592, 47789
7356713222615776472985060553418143045369740228065586002089522346, 46700
7475478181318931341147022010099948607635866671815121045247468572, 56846
6735360301626339280378574995866639466428580345584513380971477063, 72844
4436385915974727978361210477238791520043730424132278512551474365, 50489
4586376569586350527196150310484032761530488324598207035098236659, 56641
9529582050685834716290678790166131289715775451152773933922940873, 54198
8018056625503739067142676210785507532196668231138074231072263715, 60715
0714221158838270579182225373092273698035018935105325747507806145, 84425
5561552391049157164168611767632409754015312247165771564651636877, 63716
3645616331640329548789501410312808480233599554600599649002056446, 56114
0842495323067504726802106248186460621385601362034816056873601240, 60191
8765467842243015091932239027581357025729144767286599925849717855, 53071
1517721917099843536520058717206478342443464378844416711784436393, 53365
5434047971599856062058649022111754371268337545141568523455668753, 76841
3104158853851282018506615131516836463548843973274224905620794477, 63743
6979110635683607281385081539081678709082543005856904604977887964, 64195
4025839706115833680627882153346768263435266759019193093229655433, 68534
4509288816407386757832137792309959079182724682259255460169599607, 68220
3932860365976718199397105787031554731787475068087117129628523790, 65346
4857472446317528585456381585138713463827670523493958799067690674, 62246
4309266895551414909502771217645275423025770833426486876199873523, 64855
6340153328637452840122586197599223468792686543027251501323072997, 71343
4952095784355935775544002402769476696386841556325879291631030979, 67356
8612247248662534412294253698226389524250236501945374990271205053, 63445
6853089824504866296746810841115722240224887383104790682666999481, 67474
0154108278999269046508438605590725437255346484308969022892363555, 65204
7550897516219450699959063093084759969630453300669574672993494989, 58804
0365370964267337739496566832687836565671007950626687233028286191, 59491
8090630913123006091656286119770579754057389889580675593325492461, 67437
1196976471530629139477400365200339029866249223138297039065507561, 71154
4189514661763651090268503676383913864242311896195333183762502893, 72395
0946829291771091625974262941199406288327405626919408146341672734, 49597
6595024728156583341948880053783332956540355125589873773791279524, 65539
1828739129943698265914810091307589372514609990936427008130260930, 66406
1049311006044852588152668052244540603026620238408243709517951527, 52176
8176718059243922660528902474734841414241388690177129921389862268, 52674
6796350283370944519815738514195987522760097203664866351122731540, 57271
7378309074161855114442402009047786717934551758490836398508605473, 60191
0928656779746862947669281960453647633302276875279957978066231696, 55982
6032898590096070353043381968092707186068087696841347898084816208, 48266
9730713203220702737238604857628512703125667839024948738335097170, 45189
1638856531852047201036495387273538615498594890710045904633370735, 48402
5676774583301328755462772895456933603083533768753219608807642248, 66050
5277743333696200282378230598838557241776346986126356309370455430, 67442
7090802485602477294266466433603325405844636074915331207863135787, 65639
8006666634436383120021141337952773569125578328730962378423138426, 46148
1313000506327027890646831400249590000053805539518594209569505655, 61354
5801332920307996066825044797045828173566518407125908734123027821, 59021
9665350124480231386321158893772850586590158394444276384483770155, 60809
6464844471634267788357850217958516100567823461131296974195883856, 61694
1701569496562368343160646789659749905046615043897333398186273248, 58510
1697711497925361922572926712575855826987999637722179383254433019, 49681
1620052842903144912415448209930312337713925549950394140980805836, 68622
5544838165697417911176497283465110795721381244035174914654010721, 68681
9462931581838281279481426662047905290369644582601749812770976866, 73142
0833188323831229444687375084530743253105681933877267116834418484, 70191
1175863046634773158578100479420737414830426893321298220470432405, 49877
3126125031298057249180967909644959693197538335159087206198152770, 55899
1745590521267355379498540168012118668812930695325586530567560891, 55111
4146285803515909520723169157966572222703274965837812348485473022, 52961
8341258020010374364740041022796822967762973102658222339651032714, 56008
3819791315004491359467126423254768657908508979226163877749087665, 48971
3598826368554014336124886070498960742500375006631273871491530536, 68072
2770121514205143383406485576559946081332774498928281849307274180, 49702
5546488702073526171948275189794441101171688931740964901411503949, 62598
6009400468154570334789873216815435477635651328353943841494277820, 53473
9904552571734501500850085085016908674853126799951939157977400210, 48993
1687012308797474360541595557713801604034826563219465515280953443, 59130
5485777411920237010827145908710468157829211256167161075567459625, 59571
8842812547603886703554375027064068241705467875667034692394012419, 47547
9362619041342217238662691088518666827743887221244000491719682658, 66010
5314572015338838269302844111953606373587030113952002388701016506, 58409
6429632287060015668001057766572336599739435638125925342018685021, 72743
2045899818164169509743643810425849530631449875757642108589741225, 67573
3205979742011040989380721852529071769743166261451610684981264381, 63202
1082656543485257418270865034596896253927285930673791789382952743, 47473
5976923297266002185573555313506213927477295827258925582033505427, 44900
4062597447344075166262575757531957319173807407943761130615368674, 63956
8347501833987182589125692054761795477771269079237462143659045115, 65696
0345798957079110004690809074998122991708405518649020222139848672, 52590
1707431155996415928649892213340420265501092654366420329543177141, 66876
2969957563553560367600310609355642757515880238494176410692629104, 59826
0237578507475099621856891480297520479241101600585992571611930602, 64835
3666099877905276935165182775700167776955865384187715446623115121, 63759
9755938085526323924101276760771856662462934576181713932719908013, 47163
4216924325867916562502037268583925817261849740399869264102970572, 61761
2247577000085418320328443815977413172073073636698623667160787649, 59886
0114834740867813216830849099225436012406684365699594580481323168, 49664
3973428484580030549119073759006594846906374679843976073651571221, 61307
